Catch in Numbers (thousands)
1 2
1955 2013
1 14
1
0 0  4790 25164 46566 28287 10541  5224  2467 25182  2101 1202 1668  665 #1955
0 0  6709 17265 31030 27793 14389  4261  3429  2128 16820 1552 1522 1545
0 0 13240 21278 17515 24569 17634 12296  3568  2169  1171 6822  512 1089
0 0 25237 30742 14298 10859 15997 15822 12021  2003  2125  771 3508  723
0 0 18394 37650 23901  7682  5883  8791 13003  7683   914  990  218 1287
0 0 14830 28642 27968 14120  8387  6089  6393 11600  3526  692  183  510 #1960
0 0 16507 21808 19488 15034  7900  6925  3969  3211  6756 1202   89  425
0 0 13514 28526 18924 14650 12045  4276  8809  2664  1883 2988  405  324
0 0 18507 28466 19664 11314 15682  7704  2724  6508  1657 1030 1372  246
0 0 19287 28845 18712 11620  7936 18032  5040  1437  2670  655  370 1025
0 0 21658 29586 24783 11706  9334  6394 11122  1477   823  489  118  489
0 0 17910 30649 20006 13872  5942  7586  2320  5583   407  363  299  311
0 0 25945 27941 24322 11320  8751  2595  5490  1392  1998  109   30  106
0 0 11933 47311 22344 16277 15590  7059  1571  2506   512  659   47   98
0 0 11149 23925 45445 17397 12559 14811  1590   475   340   64   24   21
0 0  9876 47210 23607 25451 15196 12261 14469   567   207  147   35   50 #1970
0 0 13060 35856 45577 21135 17340 10924  6001  4210   237   69   38   20
0 0  8973 29574 30918 22855 11097  9784 10538  3938  1242  119   31    1
0 0 36538 25542 27391 17045 12721  3685  4718  5809  1134  282    7    1
0 0 14846 61826 21824 14413  8974  6216  1647  2530  1765  334   62   28
0 0 29301 29489 44138 12088  9628  3691  2051   752   891  416   60   46
0 0 23578 39790 21092 24395  5803  5343  1297   633   205  155   65   29
0 0  2614 42659 32465 12162 13017  2809  1773   421    86   24    6    2
0 0  5999 16287 43931 17626  8729  4119   978   348   119   48   15   27
0 0  7186 28427 13772 34443 14130  4426  1432   350   168   43   24    4
0 0  4348 28530 32500 15119 27090  7847  2228   646   246   99   25    4 #1980
0 0  2118 13297 39195 23247 12710 26455  4804  1677   582  228   53   68
0 0  3285 20812 24462 28351 14012  7666 11517  1912   327   94   43   11
0 0  3554 10910 24305 18944 17382  8381  2054  2733   514  215   64   37
0 0  6750 31553 19420 15326  8082  7336  2680   512   538  195   90   36
0 0  6457 24552 35392 18267  8711  4201  2264  1063   217  233  102   38
0 0 20642 20330 26644 30839 11413  4441  1771   805   392  103   76   44
0 0 11002 62130 27192 15127 15695  4159  1463   592   253  142   46   58
0 0  6713 39323 55895 18663  6399  5877  1345   455   305  157  114   25
0 0  2605 27983 50059 31455  6010  1915   881   225   107   86   38    5
0 0  5785 12313 27179 44534 17037  2573   609   322   118   50   15   20 #1990
0 0  8554 25131 15491 21514 25038  6364   903   243   125   63   11   12
0 0 12217 21708 26524 11413 10073  8304  2006   257    46   32    9    8
0 0 20500 33078 15195 13281  3583  2785  2707  1181   180   34   11   13
0 0  6160 24142 19666  6968  4393  1257   599  508    283   49   18    6
0 0 10770  9103 16829 13066  4115  1596   313  184    156  141   29    8
0 0  5356 14886  7372 12307  9429  2157   837  208     76   65   55    5
0 0  1722 16442 17298  6711  7379  5958  1147  493    126   28   37   21
0 0  3458  7707 25394 20167  5893  3856  2951  500    196   55   33   13
0 0  2525 19554 15226 24622 12966  2795  1489  748    140   46   10    5
0 0 10493  6581 29080 11227 11390  5714  1104  567    314   74   22    6 # 2000
0 0 11338 25040  9311 19471  5620  3929  2017  452    202  118   13    9
0 0  5934 18482 24297  6874  8943  2227  1353  689    123   40   41    2
0 0  3950 16160 21874 18145  5063  4419  1124  401    172   34   20   15
0 0  1778 19184 25003 17384  9926  2734  2023  481    126   62   14    5
0 0  5102  5125 26749 16980  8339  4682  1292  913    203   89   25    2
0 0  3258 12884  8438 22041 10418  4523  2194  497    336   67   27    2
0 0  2074 11961 15948  8280  9593  5428  2205 1229    366  198   53   10   #eftir margfoldun med Faereyjaafla
0 0  2616  4850 12585 11973  5238  4582  2040  831    308   53   37    4
0 0  3660  8150  9480 17330 10060  3910  2290  770    310   90   20   10
0 0  3174  7219  9385  8692 10695  5588  1599 1095    337  197   71   16 #2010
0 0  4780  7257  9284 10735  6032  6152  2361  666    459  151   41   10 #2011
0 0  3839 10010 10400  9435  8866  4834  3206 1269    369  218  101   30 #2012
0 0  5206 12328 14846 11194  7357  5636  2694  1937   676  290  157   52 #2013

