iCod
101
SMB
1985  2014
1   1   1   1
1   10
1 16.54 110.48  35.41  48.25 64.59 22.95 15.26  5.04 3.39 1.84 #1985
1 15.07  60.58  95.95  22.46 21.51 27.44  7.17  2.80 0.93 0.82
1  3.65  28.29 104.44  82.67 21.41 12.76 12.94  2.79 0.98 0.42
1  3.45   7.06  72.51 103.56 69.54  8.39  6.41  7.23 0.67 0.28
1  4.04  16.40  22.06  79.90 74.16 39.11  4.85  1.71 1.42 0.27
1  5.56  11.79  26.10  14.18 27.91 35.22 16.74  1.75 0.58 0.48 #1990
1  3.95  16.02  18.20  30.24 15.49 18.94 22.45  4.91 0.94 0.31
1  0.71  16.91  33.60  18.95 16.66  6.87  6.35  5.78 1.49 0.23
1  3.57   4.77  30.87  36.79 13.53 10.61  2.42  2.03 1.40 0.41
1 14.40  14.96   9.04  26.91 22.43  6.09  3.96  0.80 0.53 0.52
1  1.08  29.31  24.80   9.06 24.53 18.44  4.02  1.91 0.38 0.20 #1995
1  3.72   5.46  42.72  29.71 13.22 15.35 15.10  4.20 1.14 0.21
1  1.18  22.26  13.59  56.82 29.85  9.96  9.47  7.31 0.61 0.24
1  8.07   5.38  30.00  16.19 63.32 29.98  7.00  5.77 3.32 0.75
1  7.40  33.10   7.03  42.64 13.33 24.82 11.99  2.60 1.47 0.82
1 18.89  27.71  55.16   7.00 30.79  8.69  8.82  4.57 0.56 0.34 #2000
1 12.29  23.54  36.56  38.39  5.08 15.85  3.55  2.16 0.89 0.33
1  0.91  38.63  41.48  40.67 37.25  7.45  8.98  1.66 0.81 0.34
1 11.18   4.22  46.62  36.91 29.17 17.73  4.11  4.78 1.13 0.23
1  7.01  26.45   8.11  64.57 38.41 27.81 15.92  3.03 3.21 0.51
1  2.69  17.80  41.72   9.97 46.43 25.01 12.12  6.47 1.01 1.03 #2005
1  9.10   7.43  25.07  40.55 11.72 31.56 11.62  4.10 1.62 0.28
1  5.67  19.01   9.07  22.87 30.04 10.10 11.39  6.11 2.45 0.87
1  6.75  12.41  23.03   9.86 22.38 22.95  9.44  8.02 3.05 0.78
1 21.97  12.63  16.58  22.80 15.68 26.01 16.69  4.85 3.14 1.15
1 18.69  21.54  18.92  18.12 24.64 14.13 18.35  9.91 3.26 1.97 #2010
1  3.58  23.00  27.58  20.14 23.06 26.56 14.66 13.33 5.02 1.04
1 20.37  11.02  39.31  56.94 42.02 31.24 28.36 10.79 7.06 3.22 #2012
1 10.93  33.68  18.18  44.44 47.22 25.96 17.22 14.53 7.28 3.48 #2013
1  3.31  24.23  38.84  23.73 47.59 38.28 17.79  8.44 4.37 2.25 #2014

