Proportion Mature
1 6
1955 2013
1 14
1
0 0 0.019 0.022 0.033 0.181 0.577 0.782 0.834 0.960 1.000 1.000 1.000  1 #1955
0 0 0.019 0.025 0.033 0.111 0.577 0.782 0.818 0.980 0.980 1.000 1.000  1
0 0 0.019 0.026 0.043 0.100 0.549 0.801 0.842 0.990 1.000 1.000 1.000  1
0 0 0.019 0.028 0.086 0.520 0.682 0.801 0.834 1.000 1.000 1.000 1.000  1
0 0 0.019 0.029 0.070 0.535 0.772 0.818 0.834 0.990 1.000 1.000 1.000  1
0 0 0.019 0.026 0.066 0.577 0.782 0.826 0.834 0.990 1.000 1.000 1.000  1 #1960
0 0 0.019 0.025 0.053 0.450 0.772 0.818 0.834 0.990 0.990 1.000 1.000  1
0 0 0.019 0.025 0.048 0.281 0.791 0.834 0.834 0.990 0.990 1.000 1.000  1
0 0 0.019 0.025 0.048 0.237 0.706 0.834 0.849 1.000 1.000 1.000 1.000  1
0 0 0.019 0.026 0.048 0.329 0.762 0.826 0.849 1.000 1.000 1.000 1.000  1
0 0 0.019 0.025 0.045 0.354 0.751 0.826 0.842 1.000 1.000 1.000 1.000  1 #1965
0 0 0.019 0.026 0.045 0.394 0.791 0.849 0.849 1.000 1.000 1.000 1.000  1
0 0 0.019 0.028 0.051 0.341 0.772 0.842 0.849 1.000 1.000 1.000 1.000  1
0 0 0.019 0.025 0.051 0.292 0.682 0.801 0.842 1.000 1.000 1.000 1.000  1
0 0 0.019 0.028 0.043 0.227 0.682 0.801 0.842 1.000 1.000 1.000 1.000  1
0 0 0.019 0.023 0.041 0.227 0.644 0.772 0.818 1.000 1.000 1.000 1.000  1 #1970
0 0 0.019 0.025 0.037 0.074 0.657 0.706 0.772 0.979 0.994 0.982 0.993  1
0 0 0.019 0.023 0.035 0.106 0.450 0.772 0.809 0.979 0.994 0.982 0.993  1
0 0 0.022 0.028 0.163 0.382 0.697 0.801 0.834 0.996 0.996 1.000 1.000  1
0 0 0.020 0.031 0.085 0.346 0.636 0.790 0.818 0.989 1.000 1.000 1.000  1
0 0 0.020 0.035 0.118 0.287 0.715 0.809 0.839 1.000 1.000 1.000 1.000  1 #1975
0 0 0.025 0.026 0.086 0.253 0.406 0.797 0.841 1.000 1.000 1.000 1.000  1
0 0 0.019 0.024 0.060 0.382 0.742 0.817 0.842 1.000 1.000 1.000 1.000  1
0 0 0.025 0.025 0.052 0.192 0.737 0.820 0.836 1.000 1.000 1.000 1.000  1
0 0 0.019 0.021 0.053 0.282 0.635 0.790 0.836 0.919 1.000 1.000 1.000  1
0 0 0.026 0.021 0.047 0.225 0.653 0.777 0.834 0.977 1.000 0.964 1.000  1 #1980
0 0 0.019 0.022 0.030 0.090 0.448 0.751 0.811 0.962 0.988 1.000 1.000  1
0 0 0.021 0.025 0.038 0.065 0.297 0.705 0.815 0.967 1.000 1.000 1.000  1
0 0 0.019 0.030 0.047 0.116 0.264 0.530 0.715 0.979 0.985 1.000 1.000  1
0 0 0.019 0.024 0.053 0.169 0.444 0.620 0.716 0.949 0.969 0.948 1.000  1
0 0 0.000 0.021 0.185 0.412 0.495 0.735 0.572 1.000 1.000 1.000 1.000  1 #1985
0 0 0.001 0.023 0.149 0.395 0.682 0.734 0.941 0.962 0.988 1.000 1.000  1
0 0 0.002 0.033 0.093 0.360 0.490 0.885 0.782 1.000 0.979 1.000 1.000  1
0 0 0.006 0.029 0.225 0.511 0.448 0.683 0.937 0.946 0.974 0.821 1.000  1
0 0 0.008 0.025 0.142 0.372 0.645 0.652 0.634 0.991 1.000 0.903 0.859  1
0 0 0.006 0.012 0.155 0.437 0.581 0.796 0.814 0.986 1.000 1.000 1.000  1 #1990
0 0 0.000 0.055 0.149 0.369 0.637 0.790 0.682 0.842 1.000 1.000 1.000  1
0 0 0.002 0.062 0.265 0.402 0.813 0.917 0.894 1.000 1.000 1.000 1.000  1
0 0 0.006 0.085 0.267 0.464 0.693 0.801 0.843 0.968 1.000 1.000 1.000  1
0 0 0.008 0.110 0.339 0.591 0.702 0.917 0.698 0.852 0.985 1.000 1.000  1
0 0 0.005 0.109 0.384 0.528 0.752 0.787 0.859 1.000 1.000 1.000 1.000  1 #1995
0 0 0.002 0.031 0.186 0.499 0.650 0.733 0.812 1.000 1.000 0.986 0.971  1
0 0 0.006 0.037 0.246 0.424 0.685 0.787 0.804 0.932 1.000 0.913 1.000  1
0 0 0.000 0.061 0.209 0.491 0.782 0.814 0.810 0.925 0.998 1.000 1.000  1
0 0 0.012 0.044 0.239 0.516 0.649 0.835 0.687 0.988 1.000 1.000 1.000  1
0 0 0.001 0.065 0.248 0.512 0.611 0.867 0.998 0.980 1.000 1.000 1.000  1 #2000
0 0 0.004 0.043 0.261 0.589 0.750 0.742 0.862 0.987 1.000 1.000 1.000  1
0 0 0.008 0.086 0.322 0.656 0.759 0.920 0.550 0.979 1     1     1      1
0 0 0.005 0.046 0.218 0.524 0.870 0.798 0.860 0.998 1     1     1      1
0 0 0.000 0.038 0.246 0.549 0.626 0.843 0.816 0.990 1     1     1      1
0 0 0.003 0.109 0.281 0.493 0.792 0.805 0.951 0.908 1     1     1      1 #2005
0 0 0.002 0.023 0.294 0.448 0.752 0.871 0.743 0.747 1     1     1      1 #2006
0 0 0.012 0.032 0.159 0.501 0.693 0.785 0.836 0.924 1     1     1      1 #2007
0 0 0.001 0.041 0.276 0.549 0.727 0.827 0.846 0.954 1     1     1      1 #2008
0 0 0.002 0.015 0.132 0.456 0.688 0.883 0.741 0.631 1     1     1      1 #2009
0 0 0.000 0.016 0.058 0.377 0.822 0.869 0.923 0.802 1     1     1      1 #2010
0 0 0.002 0.012 0.135 0.431 0.734 0.926 0.940 0.958 1     1     1      1 #2011
0 0 0.004 0.029 0.126 0.411 0.728 0.882 0.961 0.830 1     1     1      1 #2012
0 0 0.003 0.008 0.061 0.343 0.738 0.923 0.957 1.000 1     1     1      1 #2013

