Mean Weight in Catch (kilograms)
1 3
1955 2013
1 14
1
0 0  827 1307 2157 3617 4638 5657 6635  6168  8746  8829 10086 14584 #1955
0 0 1080 1600 2190 3280 4650 5630 6180  6970  6830  9290 10965 12954
0 0 1140 1710 2520 3200 4560 5960 7170  7260  8300  8290 10350 13174
0 0 1210 1810 3120 4510 5000 5940 6640  8290  8510  8840  9360 13097
0 0 1110 1950 2930 4520 5520 6170 6610  7130  8510  8670  9980 11276
0 0 1060 1720 2920 4640 5660 6550 6910  7140  7970 10240 10100 12871 #1960
0 0 1020 1670 2700 4330 5530 6310 6930  7310  7500  8510  9840 14550
0 0  990 1610 2610 3900 5720 6660 6750  7060  7540  8280 10900 12826
0 0 1250 1650 2640 3800 5110 6920 7840  7610  8230  9100  9920 11553
0 0 1210 1750 2640 4020 5450 6460 8000  9940  9210 10940 12670 15900
0 0 1020 1530 2570 4090 5410 6400 7120  8600 12310 10460 10190 17220 #1965
0 0 1170 1680 2590 4180 5730 6900 7830  8580  9090 14230 14090 17924
0 0 1120 1820 2660 4067 5560 7790 7840  8430  9090 10090 14240 16412
0 0 1170 1590 2680 3930 5040 5910 7510  8480 10750 11580 14640 16011
0 0 1100 1810 2480 3770 5040 5860 7000  8350  8720 10080 11430 13144
0 0  990 1450 2440 3770 4860 5590 6260  8370 10490 12310 14590 21777 #1970
0 0 1090 1570 2310 2980 4930 5150 5580  6300  8530 11240 14740 17130 
0 0  980 1460 2210 3250 4330 5610 6040  6100  6870  8950 11720 16000 
0 0 1030 1420 2470 3600 4900 6110 6670  6750  7430  7950 10170 17000
0 0 1050 1710 2430 3820 5240 6660 7150  7760  8190  9780 12380 14700
0 0 1100 1770 2780 3760 5450 6690 7570  8580  8810  9780 10090 11000 #1975
0 0 1350 1780 2650 4100 5070 6730 8250  9610 11540 11430 14060 16180
0 0 1259 1911 2856 4069 5777 6636 7685  9730 11703 14394 17456 24116
0 0 1289 1833 2929 3955 5726 6806 9041 10865 13068 11982 19062 21284
0 0 1408 1956 2642 3999 5548 6754 8299  9312 13130 13418 13540 20072
0 0 1392 1862 2733 3768 5259 6981 8037 10731 12301 17281 14893 19069 #1980
0 0 1180 1651 2260 3293 4483 5821 7739  9422 11374 12784 12514 19069
0 0 1006 1550 2246 3104 4258 5386 6682  9141 11963 14226 17287 16590
0 0 1095 1599 2275 3021 4096 5481 7049  8128 11009 13972 15882 18498
0 0 1288 1725 2596 3581 4371 5798 7456  9851 11052 14338 15273 16660
0 0 1407 1971 2576 3650 4976 6372 8207 10320 12197 14683 16175 19050 #1985
0 0 1459 1961 2844 3593 4635 6155 7503  9084 10356 15283 14540 15017
0 0 1316 1956 2686 3894 4716 6257 7368  9243 10697 10622 15894 12592
0 0 1438 1805 2576 3519 4930 6001 7144  8822  9977 11732 14156 13042
0 0 1186 1813 2590 3915 5210 6892 8035  9831 11986 10003 12611 16045
0 0 1290 1704 2383 3034 4624 6521 8888 10592 10993 14570 15732 17290 #1990
0 0 1309 1899 2475 3159 3792 5680 7242  9804  9754 14344 14172 20200
0 0 1289 1768 2469 3292 4394 5582 6830  8127 12679 13410 15715 11267
0 0 1392 1887 2772 3762 4930 6054 7450  8641 10901 12517 14742 16874
0 0 1443 2063 2562 3659 5117 6262 7719  8896 10847 12874 14742 17470
0 0 1348 1959 2920 3625 5176 6416 7916 10273 11022 11407 13098 15182 #1995
0 0 1457 1930 3132 4141 4922 6009 7406  9772 10539 13503 13689 16194
0 0 1484 1877 2878 4028 5402 6386 7344  8537 10797 11533 10428 12788
0 0 1230 1750 2458 3559 5213 7737 7837  9304 10759 14903 16651 18666
0 0 1241 1716 2426 3443 4720 6352 8730  9946 11088 12535 14995 15151
0 0 1308 1782 2330 3252 4690 5894 7809  9203 10240 11172 13172 17442 #2000
0 0 1499 2050 2649 3413 4766 6508 7520  9055  8769  9526 11210 13874
0 0 1294 1926 2656 3680 4720 6369 7808  9002 10422 13402  9008 16893
0 0 1265 1790 2424 3505 4455 5037 5980  7819  8802 10712 12152 13797
0 0 1257 1771 2323 3312 4269 5394 5872  7397 10808 11569 13767 12955
0 0 1194 1712 2374 3435 4392 5201 6200  5495  7211  9909 12944 18151 #2005
0 0 1070 1614 2185 3052 4347 5177 5382  5769  6258  5688  7301 15412
0 0 1083 1556 2144 2754 3920 5255 6272  6481  7142  6530  9724 10143 
0 0 1162 1627 2318 3120 3846 5367 6771  7648  8282 11181 14266 17320
0 0 1109 1680 2204 3206 4098 4884 6744  8505 10126 12108 12471 15264
0 0 1131 1769 2334 3161 4422 5498 6552  7945  8913 10090 10417 13489 # 2010
0 0 1163 1795 2615 3471 4469 5850 6742  7850  8810  9797 13534 13033
0 0 1256 1667 2448 3728 4713 5894 7616  8358  9543 10916 10884 11758 # 2012
0 0 1248 1722 2478 3559 4931 6165 7522  8415  9336  9926 11195 12691 # 2013
