Mean Weight in Stock (kilograms)
1 4
1955 2013
1 14
1
0 0 645 1019 1833 3183 4128 5657 6635  6168  8746  8829 10086 14584 #1955
0 0 645 1248 1862 2886 4138 5630 6180  6970  6830  9290 10965 12954
0 0 645 1334 2142 2816 4058 5960 7170  7260  8300  8290 10350 13174
0 0 645 1412 2652 3969 4450 5940 6640  8290  8510  8840  9360 13097
0 0 645 1521 2490 3978 4913 6170 6610  7130  8510  8670  9980 11276
0 0 645 1342 2482 4083 5037 6550 6910  7140  7970 10240 10100 12871 #1960
0 0 645 1303 2295 3810 4922 6310 6930  7310  7500  8510  9840 14550
0 0 645 1256 2218 3432 5091 6660 6750  7060  7540  8280 10900 12826
0 0 645 1287 2244 3344 4548 6920 7840  7610  8230  9100  9920 11553
0 0 645 1365 2244 3538 4850 6460 8000  9940  9210 10940 12670 15900
0 0 645 1193 2184 3599 4815 6400 7120  8600 12310 10460 10190 17220 #1965
0 0 645 1310 2202 3678 5100 6900 7830  8580  9090 14230 14090 17924
0 0 645 1420 2261 3579 4948 7790 7840  8430  9090 10090 14240 16412
0 0 645 1240 2278 3458 4486 5910 7510  8480 10750 11580 14640 16011
0 0 645 1412 2108 3318 4486 5860 7000  8350  8720 10080 11430 13144
0 0 645 1131 2074 3318 4325 5590 6260  8370 10490 12310 14590 21777 # 1970
0 0 645 1225 1964 2622 4388 5150 5580  6300  8530 11240 14740 17130
0 0 645 1139 1878 2860 3854 5610 6040  6100  6870  8950 11720 16000
0 0 645 1108 2100 3168 4361 6110 6670  6750  7430  7950 10170 17000
0 0 645 1334 2066 3362 4664 6660 7150  7760  8190  9780 12380 14700
0 0 645 1381 2363 3309 4850 6690 7570  8580  8810  9780 10090 11000 #1975
0 0 645 1388 2252 3608 4512 6730 8250  9610 11540 11430 14060 16180
0 0 645 1491 2428 3581 5142 6636 7685  9730 11703 14394 17456 24116
0 0 645 1430 2490 3480 5096 6806 9041 10865 13068 11982 19062 21284
0 0 645 1526 2246 3519 4938 6754 8299  9312 13130 13418 13540 20072
0 0 645 1452 2323 3316 4681 6981 8037 10731 12301 17281 14893 19069 #1980
0 0 645 1288 1921 2898 3990 5821 7739  9422 11374 12784 12514 19069
0 0 645 1209 1909 2732 3790 5386 6682  9141 11963 14226 17287 16590
0 0 645 1247 1934 2658 3645 5481 7049  8128 11009 13972 15882 18498
0 0 645 1346 2207 3151 3890 5798 7456  9851 11052 14338 15273 16660
0 0 485 1375 1750 2709 3454 6372 8207 10320 12197 14683 16175 19050 #1985
0 0 758 1597 2882 3246 4581 6155 7503  9084 10356 15283 14540 15017
0 0 576 1584 2423 3522 4905 6257 7368  9243 10697 10622 15894 12592
0 0 610 1475 2261 3277 4398 6001 7144  8822  9977 11732 14156 13042
0 0 673 1494 2338 3429 4686 6892 8035  9831 11986 10003 12611 16045
0 0 563 1035 2170 2798 4422 6521 8888 10592 10993 14570 15732 17290 #1990
0 0 686 1283 2039 2747 3397 5680 7242  9804  9754 14344 14172 20200
0 0 619 1336 2094 3029 3753 5582 6830  8127 12679 13410 15715 11267
0 0 708 1363 2309 3235 4109 6054 7450  8641 10901 12517 14742 16874
0 0 847 1728 2254 3340 4514 6262 7719  8896 10847 12874 14742 17470
0 0 745 1635 2345 3186 4489 6416 7916 10273 11022 11407 13098 15182 #1995
0 0 678 1753 2490 3531 4273 6009 7406  9772 10539 13503 13689 16194
0 0 670 1347 2267 3746 5245 6386 7344  8537 10797 11533 10428 12788
0 0 599 1516 2261 3263 4474 7737 7837  9304 10759 14903 16651 18666
0 0 711 1467 1932 2996 3961 6352 8730  9946 11088 12535 14995 15151
0 0 600 1355 1915 2881 4319 5894 7809  9203 10240 11172 13172 17442 #2000
0 0 661 1550 2071 2694 4131 6508 7520  9055  8769  9526 11210 13874
0 0 630 1590 2259 3120 3984 6369 7808  9002 10422 13402  9008 16893
0 0 900 1338 2215 2988 4169 5037 5980  7819  8802 10712 12152 13797
0 0 900 1453 2099 3057 3757 5394 5872  7397 10808 11569 13767 12955
0 0 900 1119 1897 2963 3874 5201 6200  5495  7211  9909 12944 18151 #2005
0 0 900 1383 1998 2905 4385 5177 5382  5769  6258  5688  7301 15412  
0 0 900 1264 2022 2580 4078 5255 6272  6481  7142  6530  9724 10143
0 0 1017 1841 2227 2924 3920 5367 6771  7648  8282 11181 14266 17320
0 0  644 1467 2040 2884 3920 4884 6744  8505 10126 12108 12471 15264
0 0 1017 1587 2154 3151 4209 5498 6552  7945  8913 10090 10417 13489 #2010
0 0  794 2466 2665 3215 4548 5850 6742  7850  8810  9797 13534 13033
0 0 1017 1700 2604 3713 4513 5894 7616  8358  9543 10916 10884 11758
0 0  944 2323 2989 3833 5209 6165 7522  8415  9336  9926 11195 12691 #2013
